   5.21725   16.86500    0.43600
   5.24749   16.38600    0.38400
   5.27773   16.50600    0.42000
   5.30797   17.64700    0.43800
   5.33821   18.85900    0.40300
   5.36846   18.00400    0.44100
   5.39870   17.71400    0.47000
   5.42894   17.40300    0.36500
   5.45918   16.89700    0.33000
   5.48942   17.30900    0.33000
   5.51967   17.58300    0.33100
   5.54991   17.06000    0.31200
   5.58015   16.75100    0.33200
   5.61039   16.61300    0.32800
   5.64063   16.10300    0.30500
   5.67088   15.45900    0.30000
   5.70112   13.78100    0.29900
   5.73136   11.89900    0.28300
   5.76160   10.03600    0.27200
   5.79184    8.16900    0.29100
   5.82209    7.37100    0.26400
   5.85233    6.31200    0.26500
   5.88257    5.87900    0.26100
   5.91281    6.01800    0.29100
   5.94305    6.26600    0.31300
   5.97330    5.78100    0.25900
   6.00354    5.49800    0.27100
   6.03378    5.77900    0.29700
   6.06402    6.50000    0.26400
   6.09426    7.24100    0.28100
   6.12451    6.26500    0.28200
   6.15475    6.75300    0.31500
   6.18499    7.32400    0.27900
   6.21523    7.54300    0.29400
   6.24547    8.12200    0.31000
   6.27572    8.36400    0.38100
   6.30596    8.49500    0.34800
   6.33620    8.98700    0.33700
   6.36644    9.65000    0.34500
   6.39668   10.66900    0.36100
   6.42693   10.73900    0.33900
   6.45717   10.75700    0.35700
   6.48741   11.69300    0.36900
   6.51765   11.50900    0.37400
   6.54789   10.95800    0.38900
   6.57814    9.93100    0.46800
   6.60838   11.60500    0.41900
   6.63862   12.19200    0.50300
   6.66886    9.12100    0.40900
   6.69910    7.67300    0.32600
   6.72935    7.22700    0.39900
   6.75959    7.33000    0.37900
   6.78983    8.07700    0.38600
   6.82007    7.66500    0.43600
   6.85031    7.71200    0.88900
   6.88056    8.70900    0.58200
   6.91080    9.50900    0.42800
   6.94104    9.28200    0.45200
   6.97128    9.31600    0.45500
   7.00152   10.20700    0.48100
   7.03177   11.10400    0.50500
   7.06201   11.78400    0.50700
   7.09225   12.92500    0.52800
   7.12249   12.57800    0.49800
   7.15273   12.59500    0.54700
   7.18298   12.49500    0.58600
   7.21322   12.54900    0.50500
   7.24346   13.74600    0.52800
   7.27370   14.14100    0.55700
   7.30394   13.36900    0.59500
   7.33419   13.68500    0.58800
   7.36443   14.67700    0.56700
   7.39467   14.79300    0.55200
   7.42491   14.61800    0.54600
   7.45515   14.76200    0.78400
   7.48540   15.50500    0.73100
   7.51564   17.19200    0.74600
   7.54588   16.39700    0.96100
   7.57612   15.42600    0.40500
   7.63660   14.60100    0.35600
   7.69709   15.04300    0.34100
   7.75757   16.32500    0.40500
   7.81805   17.57800    0.54600
   7.87854   17.94800    0.75000
   7.93902   17.60400    0.60600
   7.99951   17.50300    0.50900
   8.05999   16.95500    0.29000
   8.12047   15.89400    0.29000
   8.18096   15.28800    0.28300
   8.24144   14.30900    0.28100
   8.30192   13.71600    0.28500
   8.36241   12.98600    0.36200
   8.42289   12.08700    0.38300
   8.48337   10.93000    0.28400
   8.54386    9.98900    0.29000
   8.60434    9.12700    0.29500
   8.66483    7.71900    0.29500
   8.72531    7.06200    0.29000
   8.78579    6.07000    0.29700
   8.84628    5.04600    0.26400
   8.90676    4.38600    0.27800
   8.96724    4.30800    0.28900
   9.02773    4.39100    0.32300
   9.08821    4.29400    0.30300
   9.14869    4.05400    0.28500
   9.20918    4.01400    0.29000
   9.26966    3.84400    0.32600
   9.33015    3.89900    0.30800
   9.39063    3.46900    0.32500
   9.45111    3.47600    0.29900
   9.51160    3.65700    0.31000
   9.57208    3.42200    0.30100
   9.63256    3.28600    0.46900
   9.69305    2.71700    0.30800
   9.75353    2.90300    0.17700
   9.81401    3.19000    0.18100
   9.87450    3.83400    0.29100
   9.93498    4.30900    0.28000
   9.99547    4.81800    0.29300
  10.05595    5.48400    0.28600
  10.11643    5.66000    0.27800
  10.17692    5.60300    0.27600
  10.23740    5.68700    0.27500
  10.29788    6.35000    0.29700
  10.35837    6.30800    0.29800
  10.41885    6.70300    0.29800
  10.47933    6.92900    0.34200
  10.53982    6.45900    0.41300
  10.60030    6.73500    0.36900
  10.66079    7.16800    0.56000
  10.72127    6.96700    0.65100
  10.78175    7.37000    0.34700
  10.84224    7.39600    0.38200
  10.90272    7.59300    0.38100
  10.96320    7.01700    0.38600
  11.02369    7.56200    0.39000
  11.08417    7.32100    0.39100
  11.14465    7.17900    0.61100
  11.20514    7.62100    0.41400
  11.26562    7.43300    0.42200
  11.32611    7.49200    0.42400
  11.38659    6.60900    0.41800
  11.44707    7.43300    0.42300
  11.50756    7.67800    0.42900
  11.56804    7.57000    0.43900
  11.62852    7.59800    0.43600
  11.68901    7.76800    0.44000
  11.74949    8.21900    0.53800
  11.80997    7.61000    0.47100
  11.87046    8.34500    0.44400
  11.93094    8.03200    0.46000
  11.99143    8.10500    0.44600
  12.05191    8.68200    0.45900
  12.11239    8.93500    0.48800
  12.17288    8.99700    0.61200
  12.23336    8.89900    0.65400
  12.29384    8.71500    0.52200
  12.35433    9.19500    0.46100
  12.41481    9.22200    0.44400
  12.47529   10.10800    0.43800
  12.53578   10.65600    0.44200
  12.59626   10.79500    0.43700
  12.65675   10.78900    0.44300
  12.71723   10.72100    0.44900
  12.77771   11.02500    0.45200
  12.83820   11.61600    0.45500
  12.89868   12.00500    0.67800
  12.95916   12.00300    0.49100
  13.01965   12.42500    0.50000
  13.08013   12.44100    0.50900
  13.14061   13.32500    0.51700
  13.20110   13.78900    0.56300
  13.26158   14.24200    0.56500
  13.32206   14.47900    0.58800
  13.38255   15.31000    0.59400
  13.44303   15.71700    0.62300
  13.50352   16.47400    0.62400
  13.56400   16.26500    0.63300
  13.62448   17.98900    0.63800
  13.68497   18.36400    0.66500
  13.74545   18.52300    0.67700
  13.80593   20.13400    0.67800
  13.86642   20.45900    0.68000
  13.92690   20.63600    0.69900
  13.98738   21.37100    0.83300
  14.04787   22.50000    0.71500
  14.10835   23.55200    0.75000
  14.16884   24.31300    0.76500
  14.22932   24.07500    0.76700
  14.32338   22.50000    1.15000
  14.40806   25.73700    1.13900
  14.49274   27.99300    1.12200
  14.57741   28.68300    1.14300
  14.66209   30.04900    1.23800
  14.74677   30.50800    1.30300
  14.83145   29.80700    1.42800
  14.91612   24.17000    1.38000
  15.00080   16.28200    1.38000
  15.08548    8.67500    1.19300
  15.17015    7.34300    1.26800
  15.25483    7.93600    1.18800
  15.33951   10.15900    1.10600
  15.42418   13.10500    1.06600
  15.50886   16.12000    0.97300
  15.59354   22.64800    0.97900
  15.67821   28.30700    1.07400
  15.76289   33.69800    1.12300
  15.84757   40.26400    1.27700
  15.93224   39.86400    1.46700
  16.01692   42.27200    1.52700
  16.10160   47.28300    1.79300
  16.18628   47.95200    1.65500
  16.27095   50.24800    1.75900
  16.35563   50.45800    1.61600
  16.44031   57.28900    1.52800
  16.52498   56.99000    1.43800
  16.60966   58.24800    1.38100
  16.69434   62.50300    1.34100
  16.77901   65.03300    1.37100
  16.86369   65.28500    1.54200
  16.94837   67.67400    1.57000
  17.03304   68.14200    1.63700
  17.11772   70.24500    1.63600
  17.20240   71.90500    1.77600
  17.28707   74.36900    1.79600
  17.37175   81.08600    1.75600
  17.45643   80.59600    1.69000
  17.54111   82.42900    1.64000
  17.62578   86.85800    1.53100
  17.71046   89.27400    1.55500
  17.79514   91.23900    1.61300
  17.87981  104.72100    1.63500
  17.96449  117.86600    1.71500
  18.04917  100.87100    1.94100
  18.13384   98.83700    1.97900
  18.21852  102.43600    2.14500
  18.30320  108.02500    2.12700
  18.38787  107.93400    2.17500
  18.47255  111.68400    2.18500
  18.55723  112.51500    2.27300
  18.64190  114.41300    2.14300
  18.72658  115.56600    2.00300
  18.81126  118.08700    2.01600
  18.89594  125.23800    2.08800
  18.98061  126.52400    2.27100
  19.06529  127.36100    2.20200
  19.14997  140.81600    2.38200
  19.23464  142.93200    2.75400
  19.31932  142.11200    2.97900
  19.40400  159.85000    3.49000
  19.48867  150.34200    3.02600
  19.57335  153.64100    3.15800
  19.65803  158.74600    2.85900
  19.74270  166.93300    2.71400
  19.82738  165.36000    2.66500
  19.91206  170.27500    2.47300
  19.99673  168.74900    2.51800
  20.08141  169.09400    2.59100
  20.16609  183.21700    2.71900
  20.25077  189.22900    2.84300
  20.33544  195.63000    2.90800
  20.42012  208.59200    3.60000
  20.50480  206.45200    3.49100
  20.58947  210.26800    3.73700
  20.75883  222.53900    3.97800
  20.92818  233.58700    3.62800
  21.09753  242.53400    3.09500
  21.26689  249.23900    3.65300
  21.43624  264.98600    3.47800
  21.60560  271.74700    2.96600
  21.77495  289.66800    3.37800
  21.94430  304.30800    3.70400
  22.11366  306.34200    3.34100
  22.28301  313.29000    3.14400
  22.45236  329.40600    3.20700
  22.62172  352.09400    3.52000
  22.79107  353.90300    3.20200
  22.96043  368.06400    1.86500
  23.12978  387.93300    1.81600
  23.29913  402.77400    3.01400
  23.46849  425.27300    3.06000
  23.63784  435.01800    2.83700
  23.80719  446.61300    2.58000
  23.97655  460.73900    2.57900
  24.14590  478.63700    2.94900
  24.31526  494.59100    3.09500
  24.48461  510.84100    2.89300
  24.65396  525.46200    2.84300
  24.82332  537.36000    3.19900
  24.99267  555.30300    3.36500
  25.16202  576.64500    3.31900
  25.33138  589.55300    3.10000
  25.50073  592.53300    3.11200
  25.67009  616.50700    3.46700
  25.83944  643.57100    3.73700
  26.00879  685.86400    3.78100
  26.17815  659.56300    3.51200
  26.34750  667.65100    3.40100
  26.51685  692.00600    3.12900
  26.68621  709.07300    3.25400
  26.85556  736.80200    3.30000
  27.02492  750.93700    3.39000
  27.19427  764.11400    3.45100
  27.36362  787.02600    3.26100
  27.53298  799.55400    3.24300
  27.70233  813.43700    3.46000
  27.87168  835.31200    3.78200
  28.04104  852.91700    4.22700
  28.21039  876.47200    4.69800
  28.37975  881.35600    4.47500
  28.54910  892.29800    4.42000
  28.71845  917.18400    4.07900
  28.88781  929.63100    4.30200
  29.05716  957.18300    4.69100
  29.22651  969.25500    4.72800
  29.39587  982.08800    4.55800
  29.56522  988.62600    4.40400
  29.73458 1002.18200    3.98700
  29.90393 1023.42800    3.92200
  30.07328 1032.02000    3.99700
  30.24264 1042.58500    4.14000
  30.41199 1057.42200    4.48300
  30.58134 1059.07600    4.83500
  30.75070 1086.67000    5.61100
  30.92005 1104.13400    5.87000
  31.08941 1107.38700    6.37700
  31.25876 1114.10700    6.41900
  31.42811 1130.90600    6.27100
  31.59747 1158.10400    6.43600
  31.76682 1158.53000    6.15100
  31.93617 1161.32600    6.35000
  32.10553 1188.94300    6.30800
  32.27488 1207.68000    6.34900
  32.44424 1223.57000    6.47000
  32.61359 1227.28800    7.00700
  32.78294 1201.72000    7.50700
  32.95230 1212.25200    6.69700
  33.12165 1259.41200    7.42600
  33.29100 1314.56900    9.31000
  33.46036 1324.85400    9.69200
  33.62971 1298.00400   11.07400
  33.79907 1343.97800   11.93400
  33.96842 1383.65900   12.07800
  34.13777 1322.97700   11.40800
  34.30713 1300.51700    9.97100
  34.47648 1322.42100    9.56400
  34.64583 1416.15800    9.31100
  34.81519 1479.12100    9.61100
  34.98454 1453.29500   10.22100
  35.15390 1409.96300   10.86900
  35.32325 1408.29500   11.49800
  35.49260 1480.72600   14.37500
  35.66196 1438.50900   16.04900
  35.83131 1352.15900   19.31700
  36.00066 1443.12500   19.94200
  36.17002 1451.26500   17.06900
  36.33937 1475.10700   17.58900
  36.50873 1450.57600   15.96900
  36.67808 1480.10400   17.20200
  36.84743 1503.99200   17.12400
  37.01679 1535.22000   17.37800
  37.18614 1606.19100   20.26500
  37.35549 1453.86900   21.24300
  37.52485 1342.43200   23.14000
  37.69420 1662.21800   35.06500
  37.86356 1448.63200   41.73100
