     4.900               7.12000e-03
     5.150               7.12000e-03
     5.225               7.39000e-03
     5.250               7.66000e-03
     5.274               7.92000e-03
     5.299               8.15000e-03
     5.324               8.15000e-03
     5.349               8.15000e-03
     5.374               8.15000e-03
     5.399               8.15000e-03
     5.423               8.15000e-03
     5.448               8.15000e-03
     5.473               8.15000e-03
     5.498               8.15000e-03
     5.523               8.15000e-03
     5.548               8.15000e-03
     5.572               8.15000e-03
     5.597               8.15000e-03
     5.622               8.15000e-03
     5.647               8.15000e-03
     5.672               8.15000e-03
     5.697               8.15000e-03
     5.721               8.15000e-03
     5.746               8.15000e-03
     5.771               8.15000e-03
     5.796               8.15000e-03
     5.821               8.15000e-03
     5.845               8.15000e-03
     5.870               8.15000e-03
     5.895               8.15000e-03
     5.920               8.15000e-03
     5.945               8.15000e-03
     5.970               8.15000e-03
     5.994               8.15000e-03
     6.019               8.15000e-03
     6.044               8.15000e-03
     6.069               8.15000e-03
     6.094               8.15000e-03
     6.119               8.15000e-03
     6.143               8.15000e-03
     6.168               8.15000e-03
     6.193               8.15000e-03
     6.218               8.06000e-03
     6.243               7.84000e-03
     6.267               7.62000e-03
     6.292               7.41000e-03
     6.317               7.19000e-03
     6.342               6.97000e-03
     6.367               6.75000e-03
     6.392               6.54000e-03
     6.416               6.32000e-03
     6.441               6.10000e-03
     6.466               5.88000e-03
     6.491               5.66000e-03
     6.516               5.45000e-03
     6.541               5.23000e-03
     6.565               5.01000e-03
     6.590               4.79000e-03
     6.615               4.58000e-03
     6.640               4.36000e-03
     6.665               4.14000e-03
     6.689               3.92000e-03
     6.714               3.71000e-03
     6.739               3.49000e-03
     6.764               3.27000e-03
     6.789               3.05000e-03
     6.814               2.83000e-03
     6.838               2.62000e-03
     6.863               2.40000e-03
     6.888               2.18000e-03
     6.913               1.96000e-03
     6.938               1.75000e-03
     6.963               1.53000e-03
     6.987               1.31000e-03
     7.012               1.09000e-03
     7.037               8.74558e-04
     7.062               6.56828e-04
     7.087               4.39099e-04
     7.112               4.29185e-04
     7.136               4.29185e-04
     7.161               4.29185e-04
     7.186               4.29185e-04
     7.211               4.29185e-04
     7.236               4.29185e-04
     7.260               4.29185e-04
     7.285               4.29185e-04
     7.310               4.29185e-04
     7.335               4.29185e-04
     7.360               4.29185e-04
     7.385               4.29185e-04
     7.409               4.29185e-04
     7.434               4.29185e-04
     7.459               4.29185e-04
     7.484               4.29185e-04
     7.509               4.29185e-04
     7.534               4.29185e-04
     7.558               4.29185e-04
     7.583               4.29185e-04
     7.608               4.29185e-04
     7.633               4.29185e-04
     7.658               5.27841e-04
     7.682               2.45000e-03
     7.707               4.37000e-03
     7.732               6.30000e-03
     7.757               8.22000e-03
     7.782               1.01400e-02
     7.807               1.20700e-02
     7.831               1.39900e-02
     7.856               1.59100e-02
     7.881               1.78300e-02
     7.906               1.97600e-02
     7.931               2.16800e-02
     7.956               2.36000e-02
     7.980               3.36100e-02
     8.005               4.36400e-02
     8.030               5.36600e-02
     8.055               6.36900e-02
     8.080               7.37100e-02
     8.104               8.37400e-02
     8.129               9.37600e-02
     8.154               1.03790e-01
     8.179               1.13810e-01
     8.204               1.23830e-01
     8.229               1.33860e-01
     8.253               1.55930e-01
     8.278               1.81380e-01
     8.303               2.06820e-01
     8.328               2.32270e-01
     8.353               2.57710e-01
     8.378               2.83150e-01
     8.402               3.08600e-01
     8.427               3.38600e-01
     8.452               3.70580e-01
     8.477               4.02560e-01
     8.502               4.34540e-01
     8.527               4.66520e-01
     8.551               4.98510e-01
     8.576               5.28980e-01
     8.601               5.59130e-01
     8.626               5.89270e-01
     8.651               6.19420e-01
     8.675               6.49560e-01
     8.700               6.79700e-01
     8.725               7.05130e-01
     8.750               7.29660e-01
     8.775               7.54180e-01
     8.800               7.78710e-01
     8.824               8.03230e-01
     8.849               8.27760e-01
     8.874               8.52280e-01
     8.899               8.82760e-01
     8.924               9.41440e-01
     8.949               1.00012e+00
     8.973               1.05880e+00
     8.998               1.11748e+00
     9.023               1.17789e+00
     9.048               1.23963e+00
     9.073               1.30137e+00
     9.098               1.35982e+00
     9.122               1.41525e+00
     9.147               1.47069e+00
     9.172               1.51961e+00
     9.197               1.55093e+00
     9.222               1.58225e+00
     9.246               1.61357e+00
     9.271               1.64489e+00
     9.296               1.67621e+00
     9.321               1.70717e+00
     9.346               1.73114e+00
     9.371               1.75510e+00
     9.395               1.77906e+00
     9.420               1.80302e+00
     9.445               1.82671e+00
     9.470               1.84245e+00
     9.495               1.85819e+00
     9.520               1.87393e+00
     9.544               1.88967e+00
     9.569               1.90541e+00
     9.594               1.92115e+00
     9.619               1.93689e+00
     9.644               1.95263e+00
     9.668               1.94716e+00
     9.693               1.93953e+00
     9.718               1.93191e+00
     9.743               1.92429e+00
     9.768               1.91667e+00
     9.793               1.90905e+00
     9.817               1.90143e+00
     9.842               1.89381e+00
     9.867               1.88618e+00
     9.892               1.87856e+00
     9.917               1.87094e+00
     9.942               1.86253e+00
     9.966               1.84537e+00
     9.991               1.82821e+00
    10.016               1.81104e+00
    10.041               1.79388e+00
    10.066               1.77672e+00
    10.090               1.75956e+00
    10.115               1.74240e+00
    10.140               1.72523e+00
    10.165               1.70796e+00
    10.190               1.69045e+00
    10.215               1.67294e+00
    10.239               1.65543e+00
    10.264               1.63792e+00
    10.289               1.62041e+00
    10.314               1.60290e+00
    10.339               1.58539e+00
    10.364               1.56788e+00
    10.388               1.55037e+00
    10.413               1.53286e+00
    10.438               1.51535e+00
    10.463               1.49784e+00
    10.488               1.48079e+00
    10.513               1.46379e+00
    10.537               1.44680e+00
    10.562               1.42981e+00
    10.587               1.41282e+00
    10.612               1.39582e+00
    10.637               1.37883e+00
    10.661               1.36184e+00
    10.686               1.34485e+00
    10.711               1.32785e+00
    10.736               1.31086e+00
    10.761               1.29387e+00
    10.786               1.27653e+00
    10.810               1.25230e+00
    10.835               1.22806e+00
    10.860               1.20382e+00
    10.885               1.17958e+00
    10.910               1.15535e+00
    10.935               1.13111e+00
    10.959               1.10687e+00
    10.984               1.08263e+00
    11.009               1.05839e+00
    11.034               1.03789e+00
    11.059               1.01851e+00
    11.083               9.99130e-01
    11.108               9.79750e-01
    11.133               9.60370e-01
    11.158               9.40990e-01
    11.183               9.21610e-01
    11.208               9.02230e-01
    11.232               8.82850e-01
    11.257               8.63300e-01
    11.282               8.41590e-01
    11.307               8.19870e-01
    11.332               7.98150e-01
    11.357               7.76440e-01
    11.381               7.54720e-01
    11.406               7.33010e-01
    11.431               7.11290e-01
    11.456               6.89570e-01
    11.481               6.67860e-01
    11.506               6.47650e-01
    11.530               6.29840e-01
    11.555               6.12030e-01
    11.580               5.94230e-01
    11.605               5.76420e-01
    11.630               5.58610e-01
    11.654               5.40810e-01
    11.679               5.23000e-01
    11.704               5.05200e-01
    11.729               4.87390e-01
    11.754               4.71110e-01
    11.779               4.59130e-01
    11.803               4.47150e-01
    11.828               4.35170e-01
    11.853               4.23190e-01
    11.878               4.11210e-01
    11.903               3.99230e-01
    11.928               3.87250e-01
    11.952               3.75270e-01
    11.977               3.63290e-01
    12.002               3.51310e-01
    12.027               3.39330e-01
    12.052               3.27350e-01
    12.076               3.15370e-01
    12.101               3.03390e-01
    12.126               2.95940e-01
    12.151               2.89230e-01
    12.176               2.82520e-01
    12.201               2.75810e-01
    12.225               2.69100e-01
    12.250               2.62380e-01
    12.275               2.55670e-01
    12.300               2.48960e-01
    12.325               2.42250e-01
    12.350               2.35540e-01
    12.374               2.28820e-01
    12.399               2.22110e-01
    12.424               2.15400e-01
    12.449               2.08690e-01
    12.474               2.01980e-01
    12.498               1.95270e-01
    12.523               1.88550e-01
    12.548               1.81840e-01
    12.573               1.75130e-01
    12.598               1.71550e-01
    12.623               1.68730e-01
    12.647               1.65900e-01
    12.672               1.63080e-01
    12.697               1.60260e-01
    12.722               1.57440e-01
    12.747               1.54620e-01
    12.772               1.51790e-01
    12.796               1.48970e-01
    12.821               1.46150e-01
    12.846               1.43330e-01
    12.871               1.40500e-01
    12.896               1.37680e-01
    12.921               1.34860e-01
    12.945               1.32040e-01
    12.970               1.29220e-01
    12.995               1.26390e-01
    13.020               1.23570e-01
    13.045               1.20750e-01
    13.069               1.17930e-01
    13.094               1.15100e-01
    13.119               1.12280e-01
    13.144               1.09460e-01
    13.169               1.06640e-01
    13.194               1.03820e-01
    13.218               1.00990e-01
    13.243               9.81700e-02
    13.268               9.53500e-02
    13.293               9.25300e-02
    13.318               9.09900e-02
    13.343               9.02900e-02
    13.367               8.95900e-02
    13.392               8.88900e-02
    13.417               8.81900e-02
    13.442               8.74900e-02
    13.467               8.67900e-02
    13.491               8.60900e-02
    13.516               8.53900e-02
    13.541               8.46900e-02
    13.566               8.39900e-02
    13.591               8.32900e-02
    13.616               8.25900e-02
    13.640               8.18900e-02
    13.665               8.11900e-02
    13.690               8.04900e-02
    13.715               7.97900e-02
    13.740               7.90900e-02
    13.765               7.83900e-02
    13.789               7.76900e-02
    13.814               7.69900e-02
    13.839               7.62900e-02
    13.864               7.55900e-02
    13.889               7.48900e-02
    13.914               7.41900e-02
    13.938               7.34900e-02
    13.963               7.27900e-02
    13.988               7.20900e-02
    14.013               7.13900e-02
    14.038               7.06900e-02
    14.062               6.99900e-02
    14.087               6.92900e-02
    14.112               6.85900e-02
    14.137               6.93600e-02
    14.162               7.16300e-02
    14.187               7.39100e-02
    14.211               7.61800e-02
    14.236               7.84500e-02
    14.261               8.07200e-02
    14.286               8.30000e-02
    14.311               8.52700e-02
    14.336               8.75400e-02
    14.360               8.98200e-02
    14.385               9.20900e-02
    14.410               9.43600e-02
    14.435               9.66300e-02
    14.460               9.89100e-02
    14.484               1.01180e-01
    14.509               1.03450e-01
    14.534               1.05720e-01
    14.559               1.08000e-01
    14.584               1.10270e-01
    14.609               1.12540e-01
    14.633               1.14810e-01
    14.658               1.17090e-01
    14.683               1.19360e-01
    14.708               1.21630e-01
    14.733               1.23900e-01
    14.758               1.26180e-01
    14.782               1.28450e-01
    14.807               1.30720e-01
    14.832               1.32990e-01
    14.857               1.35270e-01
    14.882               1.39250e-01
    14.907               1.44140e-01
    14.931               1.49030e-01
    14.956               1.53920e-01
    14.981               1.58810e-01
    15.006               1.63700e-01
    15.031               1.68590e-01
    15.055               1.73480e-01
    15.080               1.78370e-01
    15.105               1.83250e-01
    15.130               1.88140e-01
    15.155               1.93030e-01
    15.180               1.97920e-01
    15.204               2.02810e-01
    15.229               2.07700e-01
    15.254               2.12590e-01
    15.279               2.17480e-01
    15.304               2.22370e-01
    15.329               2.27260e-01
    15.353               2.32140e-01
    15.378               2.37030e-01
    15.403               2.41920e-01
    15.428               2.46810e-01
    15.453               2.51700e-01
    15.477               2.56590e-01
    15.502               2.61480e-01
    15.527               2.66940e-01
    15.552               2.72970e-01
    15.577               2.79010e-01
    15.602               2.85050e-01
    15.626               2.91080e-01
    15.651               2.97120e-01
    15.676               3.03150e-01
    15.701               3.09190e-01
    15.726               3.15230e-01
    15.751               3.21260e-01
    15.775               3.27300e-01
    15.800               3.33340e-01
    15.825               3.39370e-01
    15.850               3.45410e-01
    15.875               3.51440e-01
    15.899               3.57480e-01
    15.924               3.63520e-01
    15.949               3.69550e-01
    15.974               3.75590e-01
    15.999               3.81630e-01
    16.024               3.87660e-01
    16.048               3.93700e-01
    16.073               3.99730e-01
    16.098               4.05770e-01
    16.123               4.11810e-01
    16.148               4.17840e-01
    16.173               4.23880e-01
    16.197               4.29360e-01
    16.222               4.32530e-01
    16.247               4.35690e-01
    16.272               4.38850e-01
    16.297               4.42020e-01
    16.322               4.45180e-01
    16.346               4.48340e-01
    16.371               4.51500e-01
    16.396               4.54670e-01
    16.421               4.57830e-01
    16.446               4.60990e-01
    16.470               4.64160e-01
    16.495               4.67320e-01
    16.520               4.70480e-01
    16.545               4.73640e-01
    16.570               4.76810e-01
    16.595               4.79970e-01
    16.619               4.83130e-01
    16.644               4.86300e-01
    16.669               4.89460e-01
    16.694               4.92620e-01
    16.719               4.95790e-01
    16.744               4.98950e-01
    16.768               5.02110e-01
    16.793               5.05270e-01
    16.818               5.08440e-01
    16.843               5.11600e-01
    16.868               5.14760e-01
    16.892               5.17930e-01
    16.917               5.21150e-01
    16.942               5.24400e-01
    16.967               5.27650e-01
    16.992               5.30910e-01
    17.017               5.34160e-01
    17.041               5.37410e-01
    17.066               5.40660e-01
    17.091               5.43920e-01
    17.116               5.47170e-01
    17.141               5.50420e-01
    17.166               5.53670e-01
    17.190               5.56920e-01
    17.215               5.60180e-01
    17.240               5.63430e-01
    17.265               5.66680e-01
    17.290               5.69930e-01
    17.315               5.73180e-01
    17.339               5.76440e-01
    17.364               5.79690e-01
    17.389               5.82940e-01
    17.414               5.86190e-01
    17.439               5.89440e-01
    17.463               5.92700e-01
    17.488               5.95950e-01
    17.513               5.99200e-01
    17.538               6.02450e-01
    17.563               6.05710e-01
    17.588               6.08960e-01
    17.612               6.12210e-01
    17.637               6.15460e-01
    17.662               6.17420e-01
    17.687               6.18540e-01
    17.712               6.19660e-01
    17.737               6.20780e-01
    17.761               6.21900e-01
    17.786               6.23020e-01
    17.811               6.24140e-01
    17.836               6.25260e-01
    17.861               6.26380e-01
    17.885               6.27500e-01
    17.910               6.28630e-01
    17.935               6.29750e-01
    17.960               6.30870e-01
    17.985               6.31990e-01
    18.010               6.33110e-01
    18.034               6.34230e-01
    18.059               6.35350e-01
    18.084               6.36470e-01
    18.109               6.37590e-01
    18.134               6.38710e-01
    18.159               6.39830e-01
    18.183               6.40950e-01
    18.208               6.42070e-01
    18.233               6.43190e-01
    18.258               6.44310e-01
    18.283               6.45430e-01
    18.308               6.46560e-01
    18.332               6.47680e-01
    18.357               6.48800e-01
    18.382               6.49920e-01
    18.407               6.51040e-01
    18.432               6.52160e-01
    18.456               6.53280e-01
    18.481               6.54400e-01
    18.506               6.55520e-01
    18.531               6.56640e-01
    18.556               6.57760e-01
    18.581               6.58880e-01
    18.605               6.60000e-01
    18.630               6.61120e-01
    18.655               6.62210e-01
    18.680               6.60070e-01
    18.705               6.57940e-01
    18.730               6.55810e-01
    18.754               6.53680e-01
    18.779               6.51540e-01
    18.804               6.49410e-01
    18.829               6.47280e-01
    18.854               6.45150e-01
    18.878               6.43010e-01
    18.903               6.40880e-01
    18.928               6.38750e-01
    18.953               6.36620e-01
    18.978               6.34480e-01
    19.003               6.32350e-01
    19.027               6.30220e-01
    19.052               6.28090e-01
    19.077               6.25950e-01
    19.102               6.23820e-01
    19.127               6.21690e-01
    19.152               6.19560e-01
    19.176               6.17420e-01
    19.201               6.15290e-01
    19.226               6.13160e-01
    19.251               6.11030e-01
    19.276               6.08890e-01
    19.300               6.06760e-01
    19.325               6.04630e-01
    19.350               6.02500e-01
    19.375               6.00360e-01
    19.400               5.98230e-01
    19.425               5.96100e-01
    19.449               5.93970e-01
    19.474               5.91830e-01
    19.499               5.89700e-01
    19.524               5.87570e-01
    19.549               5.85430e-01
    19.574               5.83300e-01
    19.598               5.81170e-01
    19.623               5.79040e-01
    19.648               5.76900e-01
    19.673               5.74770e-01
    19.698               5.72640e-01
    19.723               5.70510e-01
    19.747               5.68370e-01
    19.772               5.66240e-01
    19.797               5.64110e-01
    19.822               5.61980e-01
    19.847               5.59840e-01
    19.871               5.57710e-01
    19.896               5.55580e-01
    19.921               5.53450e-01
    19.946               5.51310e-01
    19.971               5.49180e-01
    19.996               5.47200e-01
    20.020               5.45240e-01
    20.045               5.43270e-01
    20.070               5.41310e-01
    20.095               5.39350e-01
    20.120               5.37390e-01
    20.145               5.35430e-01
    20.169               5.33460e-01
    20.194               5.31500e-01
    20.219               5.29540e-01
    20.244               5.27580e-01
    20.269               5.25620e-01
    20.293               5.23650e-01
    20.318               5.21690e-01
    20.343               5.19730e-01
    20.368               5.17770e-01
    20.393               5.15810e-01
    20.418               5.13840e-01
    20.442               5.11880e-01
    20.467               5.09920e-01
    20.492               5.07960e-01
    20.517               5.06000e-01
    20.542               5.04030e-01
    20.567               5.02070e-01
    20.591               5.00110e-01
    20.616               4.98150e-01
    20.641               4.96190e-01
    20.666               4.94220e-01
    20.691               4.92260e-01
    20.716               4.90300e-01
    20.740               4.88340e-01
    20.765               4.86380e-01
    20.790               4.84410e-01
    20.815               4.82450e-01
    20.840               4.80490e-01
    20.864               4.78530e-01
    20.889               4.76560e-01
    20.914               4.74600e-01
    20.939               4.72640e-01
    20.964               4.70680e-01
    20.989               4.68720e-01
    21.013               4.66750e-01
    21.038               4.64790e-01
    21.063               4.62830e-01
    21.088               4.60870e-01
    21.113               4.58910e-01
    21.138               4.56940e-01
    21.162               4.54980e-01
    21.187               4.53020e-01
    21.212               4.51060e-01
    21.237               4.49100e-01
    21.262               4.47130e-01
    21.286               4.45170e-01
    21.311               4.43210e-01
    21.336               4.41250e-01
    21.361               4.39290e-01
    21.386               4.37320e-01
    21.411               4.35590e-01
    21.435               4.34030e-01
    21.460               4.32470e-01
    21.485               4.30900e-01
    21.510               4.29340e-01
    21.535               4.27780e-01
    21.560               4.26220e-01
    21.584               4.24660e-01
    21.609               4.23100e-01
    21.634               4.21530e-01
    21.659               4.19970e-01
    21.684               4.18410e-01
    21.709               4.16850e-01
    21.733               4.15290e-01
    21.758               4.13730e-01
    21.783               4.12160e-01
    21.808               4.10600e-01
    21.833               4.09040e-01
    21.857               4.07480e-01
    21.882               4.05920e-01
    21.907               4.04360e-01
    21.932               4.02790e-01
    21.957               4.01230e-01
    21.982               3.99670e-01
    22.006               3.98110e-01
    22.031               3.96550e-01
    22.056               3.94990e-01
    22.081               3.93420e-01
    22.106               3.91860e-01
    22.131               3.90300e-01
    22.155               3.88740e-01
    22.180               3.87180e-01
    22.205               3.85620e-01
    22.230               3.84050e-01
    22.255               3.82490e-01
    22.279               3.80930e-01
    22.304               3.79370e-01
    22.329               3.77810e-01
    22.354               3.76250e-01
    22.379               3.74680e-01
    22.404               3.73120e-01
    22.428               3.71560e-01
    22.453               3.70000e-01
    22.478               3.68440e-01
    22.503               3.66880e-01
    22.528               3.65310e-01
    22.553               3.63750e-01
    22.577               3.62190e-01
    22.602               3.60630e-01
    22.627               3.59070e-01
    22.652               3.57510e-01
    22.677               3.55940e-01
    22.701               3.54380e-01
    22.726               3.52820e-01
    22.751               3.51260e-01
    22.776               3.49700e-01
    22.801               3.48140e-01
    22.826               3.46570e-01
    22.850               3.45010e-01
    22.875               3.43450e-01
    22.900               3.41890e-01
    22.925               3.40330e-01
    22.950               3.38770e-01
    22.975               3.37200e-01
    22.999               3.35640e-01
    23.024               3.34080e-01
    23.049               3.32520e-01
    23.074               3.30960e-01
    23.099               3.29400e-01
    23.124               3.27830e-01
    23.148               3.26270e-01
    23.173               3.24710e-01
    23.198               3.23150e-01
    23.223               3.21590e-01
    23.248               3.20030e-01
    23.272               3.18460e-01
    23.297               3.16900e-01
    23.322               3.15400e-01
    23.347               3.13920e-01
    23.372               3.12450e-01
    23.397               3.10970e-01
    23.421               3.09500e-01
    23.446               3.08020e-01
    23.471               3.06550e-01
    23.496               3.05080e-01
    23.521               3.03600e-01
    23.546               3.02130e-01
    23.570               3.00650e-01
    23.595               2.99180e-01
    23.620               2.97710e-01
    23.645               2.96230e-01
    23.670               2.94760e-01
    23.694               2.93280e-01
    23.719               2.91810e-01
    23.744               2.90330e-01
    23.769               2.88860e-01
    23.794               2.87390e-01
    23.819               2.85910e-01
    23.843               2.84440e-01
    23.868               2.82960e-01
    23.893               2.81490e-01
    23.918               2.80020e-01
    23.943               2.78540e-01
    23.968               2.77070e-01
    23.992               2.75590e-01
    24.017               2.74120e-01
    24.042               2.72650e-01
    24.067               2.71170e-01
    24.092               2.69700e-01
    24.117               2.68220e-01
    24.141               2.66750e-01
    24.166               2.65270e-01
    24.191               2.63800e-01
    24.216               2.62330e-01
    24.241               2.60850e-01
    24.265               2.59380e-01
    24.290               2.57900e-01
    24.315               2.56430e-01
    24.340               2.54960e-01
    24.365               2.53480e-01
    24.390               2.52010e-01
    24.414               2.50530e-01
    24.439               2.49060e-01
    24.464               2.47580e-01
    24.489               2.46110e-01
    24.514               2.44640e-01
    24.539               2.43160e-01
    24.563               2.41690e-01
    24.588               2.40210e-01
    24.613               2.38740e-01
    24.638               2.37270e-01
    24.663               2.35790e-01
    24.687               2.34320e-01
    24.712               2.32840e-01
    24.737               2.31370e-01
    24.762               2.29890e-01
    24.787               2.28420e-01
    24.812               2.26950e-01
    24.836               2.25470e-01
    24.861               2.24000e-01
    24.886               2.22520e-01
    24.911               2.21050e-01
    24.936               2.19580e-01
    24.961               2.18330e-01
    24.985               2.17810e-01
    25.010               2.17280e-01
    25.035               2.16760e-01
    25.060               2.16240e-01
    25.085               2.15720e-01
    25.110               2.15200e-01
    25.134               2.14670e-01
    25.159               2.14150e-01
    25.184               2.13630e-01
    25.209               2.13110e-01
    25.234               2.12580e-01
    25.258               2.12060e-01
    25.283               2.11540e-01
    25.308               2.11020e-01
    25.333               2.10490e-01
    25.358               2.09970e-01
    25.383               2.09450e-01
    25.407               2.08930e-01
    25.432               2.08400e-01
    25.457               2.07880e-01
    25.482               2.07360e-01
    25.507               2.06840e-01
    25.532               2.06320e-01
    25.556               2.05790e-01
    25.581               2.05270e-01
    25.606               2.04750e-01
    25.631               2.04230e-01
    25.656               2.03700e-01
    25.680               2.03180e-01
    25.705               2.02660e-01
    25.730               2.02140e-01
    25.755               2.01610e-01
    25.780               2.01090e-01
    25.805               2.00570e-01
    25.829               2.00050e-01
    25.854               1.99530e-01
    25.879               1.99000e-01
    25.904               1.98480e-01
    25.929               1.97960e-01
    25.954               1.97440e-01
    25.978               1.96910e-01
    26.003               1.96390e-01
    26.028               1.95870e-01
    26.053               1.95350e-01
    26.078               1.94820e-01
    26.102               1.94300e-01
    26.127               1.93780e-01
    26.152               1.93260e-01
    26.177               1.92730e-01
    26.202               1.92210e-01
    26.227               1.91690e-01
    26.251               1.91170e-01
    26.276               1.90650e-01
    26.301               1.90120e-01
    26.326               1.89600e-01
    26.351               1.89080e-01
    26.376               1.88560e-01
    26.400               1.88030e-01
    26.425               1.87510e-01
    26.450               1.86990e-01
    26.475               1.86470e-01
    26.500               1.85940e-01
    26.525               1.85420e-01
    26.549               1.84900e-01
    26.574               1.84380e-01
    26.599               1.83850e-01
    26.624               1.83330e-01
    26.649               1.82810e-01
    26.673               1.82290e-01
    26.698               1.81770e-01
    26.723               1.81240e-01
    26.748               1.80720e-01
    26.773               1.80200e-01
    26.798               1.79680e-01
    26.822               1.79150e-01
    26.847               1.78630e-01
    26.872               1.78110e-01
    26.897               1.77590e-01
    26.922               1.77060e-01
    26.947               1.76540e-01
    26.971               1.76020e-01
    26.996               1.75500e-01
    27.021               1.74970e-01
    27.046               1.74450e-01
    27.071               1.73930e-01
    27.096               1.73560e-01
    27.120               1.73220e-01
    27.145               1.72880e-01
    27.170               1.72550e-01
    27.195               1.72210e-01
    27.220               1.71880e-01
    27.244               1.71540e-01
    27.269               1.71210e-01
    27.294               1.70870e-01
    27.319               1.70540e-01
    27.344               1.70200e-01
    27.369               1.69870e-01
    27.393               1.69530e-01
    27.418               1.69200e-01
    27.443               1.68860e-01
    27.468               1.68530e-01
    27.493               1.68190e-01
    27.518               1.67860e-01
    27.542               1.67520e-01
    27.567               1.67190e-01
    27.592               1.66850e-01
    27.617               1.66510e-01
    27.642               1.66180e-01
    27.666               1.65840e-01
    27.691               1.65510e-01
    27.716               1.65170e-01
    27.741               1.64840e-01
    27.766               1.64500e-01
    27.791               1.64170e-01
    27.815               1.63830e-01
    27.840               1.63500e-01
    27.865               1.63160e-01
    27.890               1.62830e-01
    27.915               1.62490e-01
    27.940               1.62160e-01
    27.964               1.61820e-01
    27.989               1.61490e-01
    28.014               1.61150e-01
    28.039               1.60820e-01
    28.064               1.60480e-01
    28.088               1.60140e-01
    28.113               1.59810e-01
    28.138               1.59470e-01
    28.163               1.59140e-01
    28.188               1.58800e-01
    28.213               1.58470e-01
    28.237               1.58130e-01
    28.262               1.57800e-01
    28.287               1.57460e-01
    28.312               1.57130e-01
    28.337               1.56790e-01
    28.362               1.56460e-01
    28.386               1.56120e-01
    28.411               1.55790e-01
    28.436               1.55450e-01
    28.461               1.55120e-01
    28.486               1.54780e-01
    28.511               1.54450e-01
    28.535               1.54110e-01
    28.560               1.53780e-01
    28.585               1.53440e-01
    28.610               1.53100e-01
    28.635               1.52770e-01
    28.659               1.52430e-01
    28.684               1.52100e-01
    28.709               1.51760e-01
    28.734               1.51430e-01
    28.759               1.51090e-01
    28.784               1.50760e-01
    28.808               1.50420e-01
    28.833               1.50090e-01
    28.858               1.49750e-01
    28.883               1.49420e-01
    28.908               1.49080e-01
    28.933               1.48750e-01
    28.957               1.48410e-01
    28.982               1.48080e-01
    29.007               1.47740e-01
    29.032               1.47410e-01
    29.057               1.47070e-01
    29.081               1.46730e-01
    29.106               1.46400e-01
    29.131               1.46060e-01
    29.156               1.45730e-01
    29.181               1.45390e-01
    29.206               1.45060e-01
    29.230               1.44720e-01
    29.255               1.44390e-01
    29.280               1.44050e-01
    29.305               1.43720e-01
    29.330               1.43380e-01
    29.355               1.43050e-01
    29.379               1.42710e-01
    29.404               1.42380e-01
    29.429               1.42040e-01
    29.454               1.41710e-01
    29.479               1.41370e-01
    29.503               1.41040e-01
    29.528               1.40700e-01
    29.553               1.40360e-01
    29.578               1.40030e-01
    29.603               1.39690e-01
    29.628               1.39360e-01
    29.652               1.39020e-01
    29.677               1.38690e-01
    29.702               1.38350e-01
    29.727               1.38020e-01
    29.752               1.37680e-01
    29.777               1.37350e-01
    29.801               1.37010e-01
    29.826               1.36680e-01
    29.851               1.36340e-01
    29.876               1.35970e-01
    29.901               1.35340e-01
    29.926               1.34700e-01
    29.950               1.34070e-01
    29.975               1.33440e-01
    30.100               1.32810e-01
